HHID	group1	group2
110408	4.0	21.0
110409	17.0	2.0
110501	15.0	5.0
110506	16.0	4.0
110511	18.0	3.0
110703	3.0	12.0
110704	17.0	13.0
110705	2.0	17.0
110706	15.0	25.0
110802	22.0	9.0
110803	7.0	11.0
110807	1.0	10.0
110811	12.0	3.0
111002	23.0	12.0
111004	14.0	23.0
111008	22.0	13.0
111010	6.0	19.0
120105	15.0	16.0
120107	7.0	16.0
120306	24.0	10.0
120309	7.0	23.0
120311	3.0	5.0
120603	11.0	22.0
120605	19.0	13.0
120606	22.0	9.0
120609	13.0	23.0
120802	12.0	10.0
120803	23.0	25.0
120807	2.0	8.0
120808	18.0	15.0
120901	19.0	14.0
120905	18.0	2.0
120911	6.0	20.0
120912	2.0	13.0
130102	16.0	2.0
130109	10.0	10.0
130110	21.0	9.0
130403	3.0	18.0
130404	15.0	6.0
130406	3.0	21.0
130410	25.0	3.0
130502	6.0	12.0
130503	7.0	16.0
130504	4.0	16.0
130509	20.0	4.0
130801	10.0	8.0
130806	11.0	6.0
130808	25.0	17.0
130810	16.0	22.0
131005	20.0	15.0
131007	2.0	12.0
131009	21.0	20.0
131010	7.0	24.0
140204	12.0	25.0
140205	4.0	19.0
140207	6.0	23.0
140209	1.0	2.0
140405	5.0	1.0
140410	8.0	12.0
140412	17.0	20.0
140501	23.0	12.0
140503	13.0	21.0
140608	6.0	19.0
140609	24.0	25.0
140610	23.0	24.0
140611	22.0	20.0
141003	5.0	20.0
141007	17.0	20.0
141008	19.0	15.0
141012	14.0	15.0
141102	2.0	3.0
141103	11.0	21.0
141105	1.0	11.0
150105	21.0	6.0
150106	11.0	23.0
150110	14.0	15.0
150115	10.0	13.0
150701	8.0	16.0
150703	12.0	20.0
150710	5.0	21.0
150711	25.0	4.0
150802	5.0	16.0
150804	8.0	12.0
150805	6.0	19.0
150807	16.0	24.0
150907	2.0	12.0
150909	15.0	2.0
150911	19.0	3.0
151004	7.0	21.0
151008	6.0	17.0
151009	13.0	22.0
151010	17.0	12.0
160101	5.0	7.0
160104	22.0	5.0
160106	18.0	24.0
160109	10.0	18.0
160405	10.0	8.0
160406	8.0	13.0
160410	21.0	1.0
160411	25.0	22.0
160606	20.0	18.0
160607	17.0	9.0
160609	11.0	16.0
160610	1.0	21.0
160901	23.0	15.0
160906	17.0	10.0
160907	5.0	12.0
160910	17.0	8.0
161001	10.0	6.0
161002	22.0	1.0
161004	16.0	6.0
170202	17.0	24.0
170204	5.0	19.0
170206	3.0	10.0
170210	17.0	20.0
170402	14.0	10.0
170406	22.0	9.0
170408	1.0	20.0
170506	13.0	24.0
170507	22.0	5.0
170508	16.0	25.0
170511	17.0	17.0
170601	13.0	7.0
170602	4.0	1.0
170605	14.0	6.0
170609	24.0	14.0
180601	22.0	2.0
180602	18.0	16.0
180605	2.0	15.0
180606	15.0	11.0
180702	19.0	13.0
180703	20.0	22.0
180705	14.0	12.0
180706	9.0	13.0
180804	4.0	4.0
180805	14.0	21.0
180806	1.0	9.0
180903	8.0	7.0
180904	14.0	21.0
180907	23.0	7.0
180911	10.0	11.0
181004	14.0	23.0
181005	17.0	1.0
181006	16.0	2.0
181009	15.0	4.0
190101	12.0	1.0
190103	25.0	1.0
190106	25.0	6.0
190110	24.0	5.0
190201	25.0	4.0
190205	6.0	6.0
190206	9.0	25.0
190209	16.0	8.0
190404	3.0	10.0
190406	18.0	4.0
190408	1.0	25.0
190410	11.0	15.0
190603	3.0	14.0
190606	1.0	5.0
190608	21.0	19.0
190609	2.0	23.0
190902	24.0	17.0
190904	15.0	3.0
190909	4.0	22.0
200201	5.0	3.0
200204	22.0	20.0
200206	3.0	2.0
200209	6.0	25.0
200503	20.0	14.0
200504	19.0	19.0
200507	19.0	6.0
200509	12.0	7.0
200601	4.0	21.0
200703	2.0	14.0
200704	20.0	19.0
200708	15.0	11.0
200709	12.0	9.0
200901	7.0	23.0
200904	20.0	4.0
200909	1.0	19.0
200910	4.0	9.0
210402	1.0	10.0
210407	6.0	11.0
210410	18.0	12.0
210413	19.0	11.0
210414	15.0	22.0
210503	24.0	16.0
210507	5.0	9.0
210508	9.0	18.0
210512	23.0	20.0
210703	22.0	2.0
210715	11.0	24.0
210716	23.0	5.0
210718	12.0	9.0
210803	11.0	12.0
210806	23.0	7.0
210809	20.0	11.0
210810	20.0	22.0
211002	14.0	13.0
211010	22.0	22.0
211011	14.0	7.0
220101	6.0	24.0
220103	15.0	25.0
220107	24.0	10.0
220110	8.0	22.0
220303	11.0	21.0
220306	1.0	6.0
220308	12.0	5.0
220310	16.0	1.0
220501	14.0	1.0
220503	13.0	6.0
220504	21.0	18.0
220507	2.0	3.0
220601	25.0	10.0
220604	23.0	21.0
220607	24.0	7.0
220610	12.0	22.0
220903	4.0	7.0
220904	19.0	24.0
220912	13.0	13.0
220913	21.0	11.0
230101	21.0	16.0
230104	18.0	5.0
230105	20.0	9.0
230110	7.0	25.0
230402	4.0	5.0
230406	21.0	24.0
230408	10.0	18.0
230410	12.0	22.0
230507	5.0	16.0
230508	17.0	19.0
230510	20.0	18.0
230604	21.0	23.0
230605	19.0	5.0
230609	23.0	7.0
230610	3.0	22.0
230704	23.0	23.0
230705	16.0	21.0
230708	20.0	7.0
230710	1.0	24.0
240301	24.0	13.0
240302	2.0	23.0
240308	9.0	1.0
240310	11.0	4.0
240401	16.0	25.0
240404	9.0	17.0
240412	16.0	2.0
240413	2.0	18.0
240507	22.0	15.0
240508	9.0	24.0
240511	8.0	18.0
240514	4.0	8.0
240601	11.0	1.0
240605	10.0	14.0
240607	4.0	20.0
240612	24.0	6.0
240801	21.0	20.0
240803	3.0	4.0
240805	24.0	24.0
240806	18.0	4.0
250104	13.0	16.0
250106	10.0	22.0
250108	14.0	17.0
250111	1.0	18.0
250402	18.0	8.0
250406	24.0	2.0
250503	3.0	18.0
250505	19.0	24.0
250508	20.0	12.0
250510	1.0	24.0
250601	24.0	6.0
250604	7.0	23.0
250612	25.0	11.0
250613	8.0	2.0
250802	3.0	8.0
250804	7.0	14.0
250807	16.0	4.0
250811	11.0	16.0
260103	19.0	15.0
260105	23.0	2.0
260107	25.0	17.0
260110	9.0	7.0
260203	13.0	14.0
260209	24.0	17.0
260210	14.0	17.0
260211	10.0	3.0
260503	2.0	19.0
260504	10.0	10.0
260507	5.0	8.0
260508	13.0	1.0
260706	13.0	12.0
260709	13.0	23.0
260710	11.0	9.0
260712	15.0	15.0
260902	21.0	17.0
260903	12.0	21.0
260907	2.0	3.0
260911	24.0	23.0
270301	10.0	2.0
270304	7.0	11.0
270308	2.0	1.0
270309	7.0	14.0
270403	3.0	8.0
270404	11.0	8.0
270407	18.0	9.0
270602	8.0	17.0
270603	6.0	13.0
270606	21.0	10.0
270608	9.0	4.0
270802	25.0	14.0
270806	10.0	25.0
270810	23.0	8.0
270813	11.0	15.0
270902	8.0	11.0
270904	7.0	14.0
270906	18.0	21.0
270908	20.0	17.0
280103	12.0	10.0
280104	18.0	13.0
280107	9.0	14.0
280111	13.0	7.0
280302	9.0	8.0
280306	20.0	13.0
280307	15.0	18.0
280310	8.0	10.0
280401	22.0	1.0
280404	4.0	22.0
280408	16.0	11.0
280410	21.0	3.0
280701	9.0	11.0
280702	22.0	14.0
280708	9.0	5.0
280710	21.0	6.0
281001	13.0	20.0
281003	5.0	19.0
281006	25.0	9.0
281008	8.0	3.0
290103	7.0	1.0
290106	17.0	19.0
290107	4.0	7.0
290110	15.0	9.0
290401	14.0	23.0
290404	10.0	11.0
290405	23.0	18.0
290408	8.0	17.0
290701	3.0	19.0
290707	18.0	15.0
290710	19.0	14.0
290903	25.0	25.0
290905	4.0	18.0
290908	9.0	2.0
290909	6.0	8.0
291001	9.0	20.0
291010	6.0	3.0
291011	8.0	5.0
291012	3.0	3.0
300205	5.0	8.0
300208	9.0	4.0
300210	8.0	5.0
300304	5.0	15.0
300310	1.0	6.0
300708	25.0	15.0
300710	19.0	3.0
300801	12.0	4.0
300802	17.0	18.0
300807	12.0	16.0
300809	5.0	5.0
301003	15.0	17.0
301005	16.0	14.0
301006	6.0	16.0
301010	18.0	25.0
